a = [4, -8, 1; 6, 5, 7; 0, -10, -3];
b = [[4, -8, 1], [6, 5, 7], [0, -10, -3]]
#m = ones (1, 3)
a(1) + b(1)
